id,EAP,HPL,MWS
id02310,0.08118651897739528,0.0047066556192955295,0.9141068254033099
id24541,0.9477813753840764,0.018045292461808533,0.03417333215410914
id00134,0.009134854173140156,0.9861439793934919,0.004721166433390143
id27757,0.7703485339190026,0.21935009637650174,0.010301369704468329
id04081,0.6626077064773379,0.23400512028235163,0.10338717324031695
id27337,0.9970602248468184,0.0027363767202053745,0.00020339843298145002
id24265,0.974353796371405,0.016606642866124878,0.009039560762461363
id25917,0.005404406157666746,0.03886540560450745,0.9557301882378264
id04951,0.9978810907103124,0.0020626768441113826,5.623244556934052e-05
id14549,0.6707578996646459,0.20113112025102448,0.1281109800843272
id22505,0.05079474021679052,0.0036074475861279432,0.9455978121970836
id24002,0.0003261423114016856,0.9987746411496067,0.0008992165389908247
id18982,0.2782505214194158,0.4362987317743927,0.2854507468061833
id15181,0.011749028407792426,0.986872773852624,0.0013781977395848383
id21888,0.8738741100871431,0.026277459190399532,0.09984843072246057
id12035,0.003032698841803655,0.00023955584202202447,0.9967277453161794
id17991,0.062442559076589965,0.0038643474661893312,0.9336930934572276
id10707,0.9999496637704354,8.590242718807771e-06,4.174598686315648e-05
id07101,0.4234056771752952,0.10016131830845598,0.47643300451625137
id00345,0.413531058383715,0.5668620678244063,0.019606873791885762
id05912,0.9152850942269151,0.02399518164233607,0.06071972413074065
id13443,0.9843644579516899,0.0030241674082251797,0.012611374640094902
id09248,0.5221379479481402,0.00931184354938808,0.4685502085024591
id17542,0.009403865975510921,0.9794480502804097,0.011148083744092903
id06995,0.008897053489264067,0.00037370364540197294,0.9907292428653485
id25159,0.8116139405019644,0.037885918974982974,0.15050014052304816
id25729,0.4030078916345386,0.5136778479408279,0.08331426042464748
id26949,0.9673216287183322,0.026779246126735885,0.00589912515492295
id27191,0.02320283117525218,0.002511974940008286,0.9742851938847402
id07668,0.17696646523823262,0.0004083528362299705,0.822625181925534
id02230,0.02500270421592598,0.36364411143122427,0.6113531843528363
id15553,0.9997426886061926,1.0375060112032405e-05,0.0002469363337118619
id25688,0.0011840435171176728,0.9959956613339139,0.0028202951489657777
id17545,0.9929644145260913,0.003408120175944143,0.0036274652979644837
id13929,0.21874666468140008,0.0772842798982445,0.7039690554203506
id12880,0.3658150856796387,0.4417482314064579,0.19243668291391114
id19282,0.6639085089819649,0.11946419784273372,0.21662729317528953
id14690,0.0022689953660583787,0.0007909510763719085,0.9969400535575774
id17975,0.019806196105234007,0.9658120988958705,0.01438170499888786
id08037,0.9698519819651039,0.009196994722365454,0.020951023312552775
id15412,0.06937883193113241,0.005520978526617057,0.9251001895422388
id25032,0.48949831713809716,0.054863157346980655,0.45563852551492756
id27165,0.9993320380443588,0.00039655503815785783,0.00027140691748610794
id03327,0.7964197476751906,0.05772660379360161,0.145853648531219
id18515,0.8188784618929102,0.06781282198657303,0.11330871612051058
id21003,0.11363075499094329,0.03363985171516955,0.8527293932938922
id23855,0.005947234514804928,0.859466882067328,0.13458588341787664
id20724,0.9112400591015745,0.07947304550553665,0.009286895392894687
id13303,0.409749814048532,0.09280317679351341,0.49744700915794804
id16521,0.0037269618513442347,0.7832342072609126,0.21303883088774658
id20775,0.9977746414625127,0.0017345316884000601,0.000490826849075197
id13029,0.9777205600704774,0.00885166213434744,0.013427777795161923
id14660,0.35439173935677937,0.6141393409240519,0.03146891971917157
id11028,0.027711973032094432,0.0020601503111581953,0.9702278766567501
id14180,0.9513020906172948,0.034499951633318364,0.014197957749387754
id25860,0.9931984074097358,0.0009367489023642245,0.0058648436879011265
id11910,0.6754607823126306,0.02977254910692512,0.294766668580432
id08065,0.15810875138937536,0.007083592910093092,0.8348076557005343
id22674,0.02118478367153723,0.0014797482446609479,0.9773354680838255
id25018,0.23980311813560878,0.01634838746911884,0.7438484943952756
id10892,0.020560304670993443,0.9745608381210102,0.004878857207981407
id10217,0.4810066734493769,0.514145125895276,0.004848200655345534
id12996,0.33806754180869203,0.12780715879966112,0.5341252993916433
id18262,0.25889350482535917,0.18205632191946802,0.5590501732551518
id08606,0.0022180088874768802,0.9947543899261662,0.003027601186371243
id17233,0.931011056954983,0.02850816672808439,0.04048077631693105
id00101,0.6759959964500284,0.29421942916143456,0.02978457438854562
id12225,0.9793946881621529,0.015501202365810941,0.005104109472029131
id01364,0.01193334416113871,0.9810951073773444,0.00697154846150675
id24973,0.9463725931465381,0.007496812231625398,0.04613059462183826
id25363,0.621059211800466,0.00018443859198216398,0.37875634960756643
id10061,0.5662700253642107,0.012776399524234122,0.4209535751115696
id17673,0.0739241449016478,0.9142100090993207,0.011865845999024655
id13249,0.09689277709386615,0.0293338212994866,0.8737734016066498
id10107,0.032702828037635016,0.013533631081318663,0.9537635408810458
id04403,0.9306377355497087,0.000582795947470056,0.06877946850281105
id25728,0.8911027933367224,0.010427674014323991,0.09846953264894695
id16184,0.08951317256256713,0.022539980169827747,0.8879468472676042
id03438,0.015972859606729853,0.0005360628278088115,0.9834910775654532
id22923,0.014149681780069574,0.9852224017306798,0.0006279164892374126
id08610,0.9996493999978905,6.09345425197342e-05,0.0002896654596012835
id25355,0.00955897606232312,0.003066477330440824,0.9873745466072367
id16916,0.7027296168229272,0.2487968802329493,0.04847350294412748
id12793,0.024841226291686582,0.9629540573219957,0.012204716386313697
id11859,0.809143926205109,0.01126781605005098,0.1795882577448323
id02434,0.9994812814292876,0.0001650250635294841,0.00035369350718163217
id27703,0.002014137637036391,0.0002579790263287855,0.9977278833366334
id25212,0.03758770057542875,0.9470868160529663,0.015325483371610363
id11308,0.04965868148422534,0.034517823524793226,0.9158234949909752
id26094,0.9920856627468301,0.0049006360326384005,0.003013701220526073
id22080,0.9839634605652819,0.01287477183338377,0.003161767601328377
id03545,0.9973358459177035,0.002524043907851139,0.0001401101744387847
id23725,0.003886393977818529,0.0004290108836743304,0.9956845951385322
id12009,0.5385733171400023,0.21522982488538625,0.24619685797460872
id24241,0.04672158308910583,0.7138907349454316,0.2393876819654594
id03596,0.0018251091799527434,0.9969427265754641,0.0012321642445935217
id10749,0.2616625348957202,0.6279196179192821,0.11041784718499659
id22794,0.006869863049307055,0.002180534975390844,0.9909496019753105
id15482,0.25141496584163636,0.6950353864093796,0.05354964774896349
id04833,0.9038654276261342,0.07221764710305996,0.023916925270792904
id00397,0.0011457059427315516,5.41461958727046e-05,0.9988001478613556
id14691,0.0035287249298262594,0.0041803294444515,0.9922909456257218
id05193,0.36753715173143214,0.026214480426305625,0.6062483678422635
id19541,0.928548682395302,0.005888662524498639,0.06556265508021186
id22166,0.002446799541995916,0.000702550249140609,0.9968506502088882
id20744,0.021551643726693385,0.0005908706144464379,0.9778574856588578
id10392,0.0002849061982223814,0.004129757596015732,0.9955853362057493
id00770,0.943430877149557,0.04708304877524685,0.009486074075193357
id06018,0.8113834081475909,0.1669576549634674,0.0216589368889554
id15678,0.6348682586188417,0.026375651674868092,0.33875608970627075
id08305,0.9242745342440037,0.06633626367310363,0.009389202082896671
id08903,0.1282382084474851,0.030485503477742,0.8412762880747836
id14752,0.15030871365698728,0.8450376809345349,0.004653605408457033
id12468,0.13157122646422695,0.8551627411937928,0.013266032341967594
id05085,0.8289992910914681,0.1586523227047907,0.012348386203731826
id21993,0.3333899669394183,0.017044912413166798,0.6495651206474062
id15503,0.8951509172438041,0.05382329366589797,0.0510257890903017
id03021,0.0003603494778475326,0.9978391754306406,0.0018004750914756987
id16123,0.9988114314891504,0.0007267363338852059,0.00046183217695420353
id19383,0.9315843513425253,0.03933432517602228,0.029081323481462557
id04186,0.9931862879089619,0.0002092521429673347,0.006604459948072164
id17954,0.006590395994492713,0.001974044347187848,0.9914355596583444
id12030,0.1420676548867056,0.006806906931549892,0.8511254381817396
id13020,0.9826553749196097,0.006193681423119645,0.011150943657279325
id25327,0.004698423312574377,0.9156676900263563,0.07963388666107762
id16344,0.33213656211369164,0.1535969395284822,0.5142664983578357
id12303,0.10029456577409974,0.8808301868032964,0.0188752474225934
id15017,0.9959483853097164,0.003488215552827586,0.000563399137433556
id22308,0.29056549070283505,0.02510947291955404,0.6843250363776072
id06536,0.00042713209691545216,0.0015535045325316748,0.9980193633705269
id19797,0.19915362661436561,0.7708902234542486,0.02995614993138164
id06332,0.7930659561401587,0.1007245286005826,0.10620951525924778
id22941,0.03805742595219152,0.02838409332368666,0.9335584807241343
id13547,0.011118421157504837,0.0026468170408102958,0.9862347618016982
id06928,0.0031704137881848164,0.000928548563118233,0.9959010376487092
id12521,0.8533372794742533,0.11788550988461785,0.02877721064112256
id25716,0.940439992701316,0.006280425249148563,0.053279582049534785
id27116,0.028071446848129563,8.09389205661906e-05,0.9718476142313157
id19941,0.03429380422240866,0.9087428927373588,0.05696330304022205
id05711,0.0005341376616374859,1.1619888026521737e-05,0.9994542424503486
id02097,0.00710003592563207,0.0062621860524240324,0.9866377780219194
id03563,0.01583058375515201,0.9744705677852724,0.009698848459552174
id02295,0.11323075591165059,0.8738105353701938,0.012958708718157883
id08179,0.9999594684227696,6.498558753337658e-07,3.988172140933212e-05
id05332,0.08184696010665284,0.7231577627977847,0.19499527709556155
id15697,0.5241150836174032,0.025628950550136427,0.450255965832446
id17026,0.05044608602756845,0.008234243282874695,0.9413196706895527
id04243,0.8497027627246092,0.013294604545130215,0.13700263273026653
id13175,0.9995096045948684,9.27198700230041e-05,0.0003976755350954375
id05387,0.948360077086634,0.012556240251726337,0.03908368266165353
id19989,0.8986301305110067,0.05885189717241971,0.042517972316576565
id25173,0.14762940304883654,0.012415118745319026,0.8399554782058494
id08925,0.0025849971278266402,0.9961320526238874,0.0012829502482823271
id03034,0.009814666251995015,0.9123437226049831,0.07784161114301391
id13272,0.005008057506907257,0.9904172672531638,0.004574675239925589
id07956,0.9468237743657595,0.0023300297679993646,0.050846195866233186
id02648,0.030843231269700535,0.01255806706403768,0.9565987016662671
id01778,0.10075302019511342,0.004254448475346653,0.8949925313295481
id12846,0.0006372478799964113,0.0001227027135152043,0.9992400494064629
id19001,0.08393495797277858,0.04342751848964877,0.8726375235375599
id05763,0.6810288343837193,0.031618486448984066,0.2873526791672916
id15590,0.003412314020291174,0.00024769123968703435,0.9963399947400117
id04912,0.7997462941430744,0.06701530064092903,0.13323840521599284
id21201,0.6947936291839132,0.24216298043603682,0.06304339038005521
id13215,0.9836943864280279,0.000374669877919147,0.015930943694051826
id15612,0.3485996625572832,0.6215413024161015,0.02985903502661914
id18501,0.07915899153608648,0.034112773051723014,0.8867282354122
id07223,0.8218147993142871,0.14569782966092173,0.03248737102478612
id06707,0.5026563198117799,0.15445409760211684,0.34288958258610236
id05238,0.00029363888924189657,0.9995717650759561,0.00013459603482208522
id00935,0.00716306850136453,0.21118642912407706,0.7816505023745463
id00110,0.8338952807525483,0.005124777358555767,0.16097994188888093
id17476,0.8263219467298877,0.15810284691865278,0.015575206351462324
id15170,0.9994994561903886,0.00041433907903511244,8.620473059317086e-05
id13397,0.1951300888944667,0.26177449073538833,0.5430954203701426
id24283,0.39359390475939154,0.1110494409559033,0.49535665428471237
id15234,0.9147824226466431,0.08043168427625602,0.004785893077112497
id16884,0.737113760597812,0.1516968958019137,0.1111893436002713
id07831,0.5601736919120125,0.30945836141614075,0.1303679466718441
id16038,0.8839119014404502,0.10638042469576779,0.00970767386377695
id03629,0.971855184260313,0.009737487145401015,0.01840732859427295
id21019,0.8820372841085401,0.08906089983001843,0.0289018160614443
id21835,0.6119373578139145,0.10805630257791352,0.28000633960817206
id04480,0.09199223620268544,0.9072875375056575,0.0007202262916652446
id20838,0.6505792918395772,0.29653781759288905,0.05288289056753515
id24195,0.6184191202177612,0.1936848188478652,0.18789606093436773
id05448,0.8838533116703274,0.0481213449186996,0.06802534341098813
id15957,0.21982161846027928,0.7688122262887958,0.011366155250934097
id19956,0.0023411190294850073,0.0002527798762376591,0.9974061010942725
id15104,0.01497654027393842,0.017153701401290983,0.967869758324764
id17559,0.7035133395655705,0.22244597578265574,0.07404068465176938
id16839,0.08885796562304822,0.14471023230451663,0.7664318020724303
id14493,0.6726446580176996,0.18081696747768586,0.14653837450461088
id08833,0.6388523170646674,0.00904424595009071,0.35210343698526975
id15723,0.2319331099962761,0.003888902070948912,0.764177987932774
id02716,0.9886032345881594,0.00045238631382215597,0.010944379097992327
id06689,0.04264119107669117,0.9196864386503747,0.03767237027292102
id18837,0.6561821300371575,0.027448587934326286,0.31636928202850545
id04466,0.9651678613715228,0.01816466582988657,0.016667472798604005
id00686,0.6143461089741453,0.030553593409584502,0.3551002976162675
id09010,0.05434032660114688,0.9390335090220008,0.006626164376851924
id23353,0.9217345854638576,0.0121419473322659,0.06612346720387756
id00066,0.8281465122705893,0.14759706265701555,0.02425642507238287
id15724,0.03506777509660549,0.9475067925018613,0.017425432401526313
id23486,0.10230428606685088,0.005312387338681626,0.8923833265944678
id22258,0.004248737756167128,0.005983628294798638,0.989767633949034
id02292,0.7842981572841594,0.19192104405226973,0.02378079866357259
id16356,0.29098719435721465,0.034080657827380775,0.6749321478153985
id00235,0.9433887959163467,0.0005329845139166493,0.056078219569759266
id25522,0.035477868803195985,0.0014199915792542483,0.9631021396175287
id04204,0.09894776538370685,0.8908147610199644,0.01023747359631626
id22016,0.8091058686691587,0.054339706832810475,0.1365544244980345
id06480,0.025403102302752847,0.8858101073194027,0.08878679037783266
id08718,0.09247064097866155,0.0013601037578936763,0.9061692552634437
id05251,0.00032736980064279977,0.9990174166507211,0.0006552135486180897
id03359,0.9609891946457944,0.004654375176310432,0.03435643017789152
id16117,0.030488218350081576,0.0010877035786726714,0.9684240780712297
id17000,0.0007615000178130239,0.9985175291141745,0.0007209708680136747
id01730,0.009166477255981617,0.9867673487575132,0.004066173986530972
id00630,0.7682665301880062,0.19919842303210492,0.03253504677988419
id18175,0.14067580556966375,0.0038234353865519185,0.8555007590437951
id00907,0.9489343654454518,0.022647476652921158,0.02841815790161748
id18251,0.04296995525035839,0.9489326767098071,0.008097368039840727
id25861,0.49441049046278496,0.465800501505328,0.03978900803189066
id00398,0.824108933313058,0.13360606007251735,0.0422850066144351
id27573,0.9971428637289754,0.0001655781747677833,0.0026915580962759734
id10022,0.02090913706970914,0.5658417445945673,0.4132491183357003
id15901,0.1856315226976601,0.0010795240919316594,0.8132889532104115
id00451,0.06688296941423628,0.018302940700365977,0.9148140898853978
id23129,0.010781784923259036,0.9848877055952642,0.004330509481485251
id26498,0.1506109238260939,0.793725522688128,0.05566355348576641
id14741,0.4428322123793054,0.36586050986521856,0.1913072777554751
id18453,0.09851609778829111,0.023728237354288775,0.877755664857414
id08309,0.9059333388632576,0.0734241091610938,0.020642551975645986
id00320,0.9999616943080165,2.844053137717018e-06,3.5461638820086095e-05
id07688,0.1767473558064081,0.03970968743765536,0.7835429567559318
id01556,0.007332436926885223,0.0020000323050437543,0.9906675307680765
id00178,0.1960946625761055,0.04334990937145083,0.7605554280524229
id18902,0.033152020431527665,0.014552397492320577,0.9522955820761557
id27002,0.686159722144835,0.302550338036388,0.011289939818783831
id21418,0.9998430668211736,9.23739606122655e-05,6.455921820842976e-05
id23018,0.021108297514989844,0.07735598552200885,0.901535716963013
id07032,0.23088391142373488,0.08061119396030834,0.6885048946159407
id16195,0.6439888988944559,0.07782106219785101,0.27819003890769745
id11202,0.09312544520737345,0.896477272119101,0.010397282673513827
id09578,0.7806874076680421,0.02528571191428626,0.19402688041766972
id26984,0.8934915457348734,0.008123201113222935,0.09838525315190762
id19856,0.019446155493871575,0.9790933032836279,0.0014605412225017688
id12086,0.1411176337641915,0.0419869179058649,0.8168954483299505
id12052,0.07149028423986184,0.008649063309126282,0.9198606524510075
id17728,0.009114634543240442,0.0034599106753095236,0.9874254547814709
id24608,0.18641899158429204,0.010213151679122944,0.8033678567365776
id21097,0.05339285646756262,0.03572343135461476,0.9108837121778192
id20179,0.00029253050492972086,3.599512737403874e-05,0.9996714743677046
id15144,0.4036540418134638,0.4207823826078483,0.17556357557868196
id00206,0.9840593526540633,0.002496860114381775,0.013443787231550335
id22285,0.002796734285665054,0.0026431349013301838,0.9945601308130143
id06417,0.10693055112908327,0.6202645509050972,0.2728048979658303
id00215,0.3554723505020766,0.6229005783743318,0.021627071123592308
id04201,0.42240077564876677,0.007036219591310878,0.5705630047599213
id21771,0.9811602000394857,0.014220106494663176,0.0046196934658578395
id12451,0.005890641278092079,0.22919376619016393,0.7649155925317382
id14250,0.16799999700573365,0.5241045686860035,0.3078954343082531
id03433,0.03320471387953225,0.9553303885568054,0.011464897563682627
id03303,0.06399032069091531,0.0014533880842660899,0.934556291224817
id25901,0.2806404273804252,0.28197455979159564,0.43738501282797154
id06945,0.47205891807814043,0.01401774338481901,0.513923338537053
id05664,0.692813164534463,0.23111157736436966,0.07607525810118088
id05741,0.9988857840005009,1.4133399836555009e-05,0.0011000825996860663
id10652,0.9478793199623086,0.02432528426824741,0.027795395769446892
id16300,0.9172617315933846,0.0065981780202070085,0.07614009038640697
id12319,0.7599299034365631,0.14166216289168318,0.0984079336717632
id07500,0.03440973186807197,0.9630730002049923,0.002517267926959469
id12478,0.8629667567262721,0.08955727823715691,0.047475965036573066
id03076,0.0618164412174399,0.0033730460322818003,0.9348105127502757
id00969,0.6705596058031437,0.18951999728943997,0.13992039690743002
id23636,0.02224005279119196,0.9647252320782251,0.013034715130587843
id09791,0.09653845458561162,0.12900125135885596,0.7744602940555297
id05680,0.013189576596223964,0.7571622624154132,0.22964816098839086
id03672,0.0330007441870079,0.809927868191373,0.15707138762160291
id04286,0.013091282824431255,0.8245511317355372,0.16235758544002388
id23883,0.013965752192206748,0.17788377597705407,0.8081504718307444
id11914,0.20251427808020342,0.00679477974852439,0.7906909421712608
id20974,0.014350963546214093,0.978003537690441,0.007645498763319883
id26125,0.1189556672664374,0.0046008632264711,0.8764434695070825
id15543,0.22302426461541433,0.006134606751610398,0.7708411286329869
id19471,0.9995265477347062,0.0003699278196037421,0.00010352444569388075
id11503,0.6504340610939832,0.09270360862740866,0.256862330278621
id09321,0.02213112511136473,0.8109826302260696,0.16688624466257856
id25560,0.00043025341598191424,0.0006892714726963191,0.9988804751113125
id06726,0.8587275331948404,0.039441334341603664,0.10183113246356879
id05709,0.978954290659149,0.001902428747129756,0.019143280593712377
id09788,0.14756891908953038,0.44353693299324043,0.40889414791723827
id05289,0.9999020610314915,3.805998492532741e-05,5.987898359889493e-05
id11815,0.006270167262889577,0.9858172886098179,0.007912544127299663
id22422,0.9607344149437457,0.018046824215121573,0.02121876084113408
id25954,0.9827892600516367,0.008289127998570846,0.008921611949780526
id13601,0.961959542998638,0.021109006455427543,0.016931450545934902
id05677,0.9364180917194177,0.0011195234883240746,0.06246238479226749
id10498,0.06885836005334002,0.9292439603884269,0.0018976795582401882
id02665,0.6466105352174523,0.3152748152571155,0.03811464952543308
id10114,0.3430991262065549,0.37507863971909516,0.2818222340743778
id26314,0.7211835008542831,0.24233428159100168,0.036482217554717006
id21240,0.3551092262253608,0.1281388532799793,0.5167519204946628
id15569,0.8744486399390233,0.04640060828528199,0.07915075177567635
id25928,0.1035206572658244,0.05403857468718852,0.8424407680469975
id22706,0.011160098761984422,0.987382214210386,0.0014576870276175357
id20877,0.005078497951373342,0.8394249483046796,0.15549655374392315
id04318,0.9385203836295364,0.013275496037652611,0.04820412033281169
id18299,0.07838067050934798,0.7401345144421251,0.1814848150485187
id08126,0.014440416696935209,0.0030928723908132997,0.9824667109122314
id14293,0.4361614549854696,0.0030983207988320304,0.5607402242157014
id12759,0.9950809403395842,0.0008420448402559705,0.004077014820146923
id11983,0.2312468176234126,0.049909753551627765,0.7188434288249476
id05580,0.08714783351859208,0.8187584745800452,0.09409369190138417
id25846,0.3844560823995296,0.21893887828468012,0.39660503931579794
id01939,0.7790724392189063,0.08403356004784401,0.1368940007332398
id26327,0.03777839091706434,0.8434975887679182,0.11872402031502169
id11068,0.001938885381094866,0.0010231005798606945,0.9970380140390319
id08404,0.9895664884568244,0.0003896268491172595,0.01004388469404316
id27189,0.21472432299320426,0.7822783314911524,0.0029973455156459745
id15119,0.013245105990095563,0.9580060512382111,0.028748842771689157
id26525,0.9959966573687393,0.0005088276268730441,0.0034945150044012356
id03618,0.9513211458707705,0.029706790828374432,0.018972063300847487
id27220,0.9963488581076045,0.0019512577716690404,0.0016998841207463032
id18777,0.01173223919918332,0.0009540015850989709,0.9873137592157157
id20213,0.9796690767832086,0.013773543542669136,0.00655737967412008
id20403,0.9869142615847274,0.00931327116131915,0.003772467253948246
id03777,0.03426549942123729,0.04464290961943556,0.9210915909593252
id10595,0.20932174058870842,0.7247354433691889,0.06594281604208035
id13816,0.4414431041822569,0.02813164603805339,0.5304252497796914
id05667,0.013529922901610267,0.005996180071691383,0.9804738970266849
id24629,0.8416692328434053,0.019093369985203962,0.13923739717140063
id20398,0.3557623360962283,0.04112111283306105,0.6031165510707209
id14108,0.000438819520012935,0.00010290449082720276,0.9994582759891684
id06196,0.00251292171997336,0.9966624729912751,0.00082460528873913
id02800,0.523336552602651,0.43751764411581473,0.03914580328152425
id18732,0.0017423673769042956,0.9961089470106913,0.0021486856124088125
id11915,0.17385479292467107,0.40648175074032966,0.41966345633498603
id09739,0.9428549933712964,0.006260792535206922,0.05088421409349627
id24672,0.9916948038950957,0.0031057605862107912,0.005199435518672844
id00414,6.251215978588292e-05,0.0014772503381841984,0.9984602375020164
id16307,0.9880770181802806,0.0063191040745901655,0.005603877745128714
id14043,0.08330744907640603,0.007857619442329381,0.908834931481272
id00517,0.0006461347171793182,2.7971492612647533e-05,0.999325893790207
id09744,0.9960301101399723,0.0020413304291635437,0.0019285594308644939
id19257,0.945799447341932,0.012835646643676472,0.04136490601440494
id15437,0.6892137671563322,0.2777319570856006,0.033054275758073855
id16352,0.013674097279965861,0.013769213413530794,0.9725566893065101
id18849,0.8912008445597193,0.034847541303302004,0.07395161413698224
id19434,5.23775615070986e-05,0.9998481754107432,9.944702774695911e-05
id17928,0.04196322090207852,0.013597124284707295,0.9444396548132153
id16896,0.015067036852598067,0.008473159359819812,0.9764598037875711
id02135,0.38552362816448693,0.23063217812907438,0.3838441937064278
id15075,0.991681998350869,0.0009554526168840624,0.007362549032246632
id27486,0.004466156059623026,0.9934649893549369,0.002068854585448853
id19422,0.9601164104540318,0.033430096134345604,0.006453493411626923
id09603,0.10511705378654192,0.689534639288431,0.20534830692502729
id02133,0.025218379877394233,0.9590232348748766,0.015758385247715213
id03441,0.6216632199395625,0.025133582498929483,0.35320319756148166
id02398,0.004874781160028244,0.9939586937177831,0.001166525122187092
id05152,0.40979900112371376,0.009429708641448238,0.5807712902348398
id17838,0.11356678754721082,0.0014448426778062348,0.8849883697749835
id25060,0.9959897929755742,0.003181800165388583,0.0008284068590164007
id09998,0.038770827670790105,0.020908264152094302,0.9403209081771213
id01828,0.048867216869524326,0.9371059165670274,0.014026866563458947
id25377,0.39884018485438033,0.023524491985546663,0.5776353231600805
id22175,0.21453775765063202,0.7781602078715979,0.007302034477766948
id02974,0.05070623504956763,0.02988196009168304,0.9194118048587425
id26955,0.9944662288376208,0.004884105131527126,0.0006496660308540733
id21091,0.8961322931710141,0.030666391921454116,0.07320131490755238
id12802,0.8730095989007579,0.11102608477604861,0.015964316323180665
id07432,0.0010140743978502831,0.9953890830089475,0.003596842593191482
id18749,0.06385482387687191,0.8703967720592813,0.06574840406385712
id15030,0.001280396303384481,0.001733269649007498,0.9969863340476081
id17155,0.006608558037181964,0.9929223982298498,0.00046904373296295724
id08128,0.024815770476410117,0.9681082133903073,0.007076016133270016
id25706,0.01712008442139526,0.9373162521112943,0.04556366346729717
id15645,0.9741154604134056,0.02270803577029851,0.0031765038163059354
id04943,0.6948039031464498,0.03305317034021645,0.27214292651334643
id27566,0.0017728422258683192,0.0007634771802839307,0.997463680593835
id11765,0.11592712852312843,0.07237676511675899,0.8116961063601381
id13783,0.5185326910161463,0.29699420383794617,0.1844731051459027
id00492,0.001490489473133758,0.0025626582828108986,0.9959468522440639
id27636,0.10534577724472591,0.015770544533166717,0.8788836782220931
id04273,0.9134416754566845,0.039050185434924556,0.04750813910838972
id02537,0.1982975223743018,0.0644875327824788,0.737214944843223
id24349,0.9681463043926659,0.02725954102057183,0.004594154586762074
id00023,0.0004303789859785032,0.9977741805170488,0.0017954404969942903
id23025,0.3219359176589702,0.5787812193037317,0.09928286303729578
id08722,0.943959213604287,0.00375864277001464,0.052282143625704075
id02420,0.9993049878226787,0.000279668883891925,0.00041534329341385304
id10811,0.9907248890676739,0.0031934787451031147,0.006081632187233579
id04019,0.0006435572168183121,0.0006244302653955657,0.9987320125177602
id18334,0.9669025420527957,0.02704024380170073,0.006057214145497685
id16781,0.2679253024566758,0.7132947510924416,0.018779946450877157
id08773,0.9019381203111827,0.09064549651614648,0.007416383172680024
id19214,0.9647001592717805,0.011867288185055483,0.023432552543169036
id09589,0.004701997402023019,0.9773786740351098,0.017919328562867674
id24246,0.7732695988607571,0.027390978633581375,0.1993394225056783
id23577,0.7914154179407924,0.197503180974173,0.011081401085026017
id09305,0.8768957408941443,0.008544736652839733,0.1145595224530098
id16460,0.11499846771858091,0.01966438611935406,0.8653371461620788
id21115,0.49429044175455145,0.2735711618051529,0.2321383964402826
id25996,0.13940939543427175,0.28536347771176745,0.5752271268539632
id02551,0.0032855711320645183,0.0014929902626484013,0.995221438605274
id19352,0.0136600384516742,3.9477381713716586e-05,0.9863004841666134
id03806,0.0758055616367411,0.03467055880956347,0.8895238795536933
id26544,0.9849318166248946,0.003705557150635589,0.011362626224456536
id18761,0.9450387948885077,0.030600374299334026,0.024360830812157383
id24148,0.09084107117116545,0.8973133458857137,0.011845582943103023
id16095,0.07345690338687297,0.8848830886755563,0.04166000793757491
id18442,0.8617203299674057,0.03885666359557874,0.09942300643701649
id22596,0.00011939460907265668,2.4244090458923792e-05,0.9998563613004899
id23002,0.09742434696448751,0.0041700333638073446,0.898405619671718
id04797,0.9953648269293195,0.000774839702667835,0.003860333368005395
id06610,0.2036262532295756,0.012898384266408752,0.7834753625039959
id16173,0.5541657144687463,0.38559291448330857,0.06024137104794832
id18292,0.013438795421093271,0.004771857134456972,0.9817893474444601
id27328,0.9778898421584334,0.0009768048689429354,0.021133352972629388
id01695,0.009367006455213012,0.9791982012633285,0.011434792281466651
id05761,0.14898702665835947,0.0042008119286954275,0.8468121614129418
id16354,0.9163035622364709,0.005018717007013525,0.07867772075651111
id12207,0.012310883064555841,0.19963607276555334,0.7880530441698962
id05665,0.046534777839178,0.009496276359963309,0.94396894580086
id01911,0.9425441603300706,0.0507549397638936,0.006700899906044317
id19153,0.05964661881138518,0.0026177286059557783,0.9377356525826805
id10295,0.5480084914516152,0.3121023163460527,0.1398891922023433
id23038,0.8722421586751423,0.08429783418228308,0.0434600071425723
id23783,0.21480813609338487,0.781642372898692,0.0035494910079136603
id27879,0.9648149894697134,0.01611844955414572,0.01906656097612981
id19190,0.010696648465477182,0.9888736058856454,0.0004297456488801695
id05065,0.980655614920302,0.013614622516269166,0.005729762563436044
id21296,0.1171381841483233,0.8354822575063443,0.0473795583453379
id13262,0.14312075923720324,0.33109452482725893,0.525784715935526
id10333,0.9485140340596451,0.01337089216050535,0.03811507377983952
id16677,0.040022981299930385,0.6592160062100313,0.3007610124900588
id01392,0.29452513525733415,0.011014938747311598,0.694459925995367
id27874,0.9211530566576339,0.060741413115684366,0.01810553022668763
id02294,0.001987114549197679,0.9968830025696269,0.0011298828811738702
id18298,0.022777315891572936,0.049468340747039034,0.9277543433613838
id06997,0.9981622045978373,0.0012770212432886851,0.0005607741588683478
id05243,0.13864127002958226,0.3993690323419728,0.46198969762844844
id00860,0.12845233412860377,0.5457702929862589,0.3257773728851503
id26681,0.9996651009100643,0.0002785456937951084,5.635339612934287e-05
id06020,0.005332675321338787,2.128347640038319e-06,0.9946651963310288
id27683,0.9787395534083854,0.008260311159466856,0.013000135432148384
id17655,0.0022805168685346763,0.9954620054296055,0.0022574777018369817
id08817,0.0089599053618466,0.04560570547485806,0.9454343891632835
id11512,0.005342061690450891,0.003959873605925976,0.9906980647036058
id00478,0.02083850917773896,0.007796692271839459,0.9713647985504199
id02116,0.9306889086347229,0.038653279975307105,0.030657811389961178
id06746,0.9353103267743834,0.05666487100362002,0.008024802221996693
id03863,0.22356099687396472,0.7439989887732322,0.03244001435279998
id01802,0.16608950738810424,0.6494910877484391,0.18441940486345845
id11682,0.8803219262168285,0.008135454919680395,0.1115426188634809
id04033,0.009692534888510993,0.9680031202491266,0.02230434486237111
id09286,0.2454997848692099,0.3219530101069049,0.4325472050238733
id12904,0.9999073895463695,8.645872783878277e-05,6.151725802927576e-06
id07420,0.001574748765078943,0.0017518795141234173,0.9966733717207815
id22398,0.0008476418066905244,0.9865047265241643,0.012647631669135696
id00424,0.18723342999292433,0.050467273303271054,0.7622992967038138
id20960,0.9815012749498774,0.015867625402132192,0.002631099647989608
id10267,0.45950578862749,0.15708720438185406,0.3834070069906562
id19330,0.31514686173547546,0.010102135514006344,0.6747510027505297
id00994,0.0034375775995063294,0.9921388869375718,0.00442353546292256
id10785,0.9226016059602369,0.03596494772059139,0.04143344631918295
id00955,0.08298529256933027,0.8972861059539406,0.019728601476738997
id09757,0.027220090805862424,0.9677711234282548,0.005008785765891029
id10030,0.08826265560666632,0.3619725521424912,0.5497647922508393
id22952,0.08279998399899206,0.29724500530560943,0.619955010695386
id21955,0.0002175242004173522,0.004579667530579619,0.9952028082690162
id07674,0.9020494373877422,0.021055494277913093,0.07689506833434102
id13760,0.003742500418689718,0.9912432312351172,0.005014268346205834
id18166,0.9621953950075368,0.007983970479129437,0.029820634513308006
id23498,0.9954828125594785,0.0038921139234202834,0.0006250735170876206
id05296,0.9982477616090796,0.0002636763534398401,0.001488562037482639
id26709,0.995158926162188,0.0012308355307182434,0.0036102383071163354
id02853,0.995033340279974,0.0036171456844328012,0.001349514035601711
id06800,0.38377002807931926,0.213862112663105,0.40236785925758134
id14758,0.4586139827995438,0.5146743604152029,0.02671165678522546
id12356,0.9986190229432801,0.0004379367908236318,0.0009430402658981105
id21492,0.9831327252318426,0.010600430091670532,0.006266844676494094
id27540,0.31694823101427555,0.000942505443224173,0.6821092635424949
id07376,0.14648564987339446,0.06901393127024383,0.7845004188563584
id15201,0.0986189501853757,0.858193090868803,0.043187958945833216
id23388,0.012391044189979666,0.9420077121309469,0.04560124367904745
id13923,0.10998100910727814,0.8521935904906878,0.03782540040204516
id00794,0.01531958003662305,0.9659200724693435,0.018760347494019818
id23910,0.11881471682841672,0.05582544985195989,0.8253598333196371
id02556,0.029099602506307817,0.02491721134254687,0.9459831861511387
id22151,0.022868418216088947,0.9767048761391922,0.0004267056447107989
id11698,0.0026369856742736886,0.9938207639423968,0.003542250383326845
id11627,0.3732470180078381,0.0171637443722249,0.6095892376199421
id06340,0.9997998659145915,0.00013217129281495226,6.796279258893337e-05
id05123,0.9791128171358257,0.008707195273776872,0.012179987590399996
id26620,0.026928132761214182,0.0036144654106861356,0.9694574018280991
id04002,0.05770496751484281,0.045314950062428874,0.8969800824227424
id26554,0.2707187618319321,0.06544284801408735,0.6638383901539717
id18012,0.3908073651779098,0.05241111098273198,0.5567815238393437
id12964,0.18323920749952483,0.01590727002128187,0.8008535224791896
id18965,0.05708577668728299,0.5514619880731796,0.3914522352395344
id19082,0.11095433938428431,0.022112734620158555,0.8669329259955517
id26742,0.03655113498453651,0.00034778555185374004,0.9631010794636023
id15442,0.09113325608303449,0.8626537843277112,0.046212959589242694
id16647,0.5188167159481188,0.23386890619966996,0.24731437785220775
id11544,0.06514867477390088,0.015817822986531876,0.9190335022395618
id20581,0.5973362741630697,0.01715132096585937,0.3855124048710666
id13192,0.3590925872147167,0.5210875683889905,0.11981984439628844
id15814,0.05602224273137804,0.01050649582999843,0.9334712614386137
id26279,0.030621162411711197,0.9672157332708115,0.002163104317489583
id00240,0.9808153767836711,0.008952591577390675,0.010232031638932807
id22836,0.9980986237258256,0.00012916793096802995,0.0017722083432227921
id15085,0.003426108187214405,0.5133043418764672,0.48326954993630183
id17495,0.615953660450089,0.0027645093936799893,0.38128183015623707
id26762,0.6729773745949751,0.015409392467266384,0.3116132329377442
id13685,0.9998189950769222,5.286358380125512e-06,0.00017571856469696638
id16560,0.003771942740750583,0.9943767596226113,0.001851297636646205
id17184,0.0023213747907020583,0.9958021844973305,0.0018764407119774304
id21635,0.9950017162000312,0.000774836691203425,0.004223447108773916
id26751,0.6782480648215998,0.10414813602075078,0.21760379915763758
id12351,0.9796826160819486,0.003384852749697259,0.016932531168357016
id14872,0.2692806520281307,0.5308349523302327,0.1998843956416403
id18372,0.9747339118471882,0.011802025212106996,0.01346406294070312
id26851,0.8956393212432777,0.08523858012731741,0.019122098629414115
id22659,0.757418753162245,0.24120472596842696,0.0013765208693286967
id04102,0.010232726969548385,0.000169858011983429,0.9895974150184411
id02353,0.01999673506268631,0.9719810784732824,0.008022186464034523
id26721,0.9995980986344731,0.0002383076164463045,0.0001635937490703292
id11171,0.9331808620661614,0.00228970773366523,0.06452943020017855
id13562,0.632836602247818,0.34223036792612854,0.02493302982605824
id26425,0.63595210638289,0.06639156083438394,0.29765633278273096
id26394,0.6616330149582134,0.07564939407036926,0.262717590971412
id22187,0.21704535612797074,0.6985083532675637,0.08444629060446252
id00422,0.9988946470729385,0.0007328224291012324,0.00037253049794226363
id22667,0.0050510005047307484,0.9948658708889574,8.312860632494879e-05
id00911,0.8941070816474829,0.005545935294546139,0.10034698305795754
id17291,0.1832669347165091,0.03655989749900902,0.7801731677844571
id01915,0.02517411229191382,0.02412798278424759,0.9506979049238289
id01434,0.06634901310807093,0.017340288220212028,0.916310698671719
id01584,0.7737015265628072,0.0053519998883955295,0.22094647354879615
id09266,0.9805585254975377,0.004942398925669473,0.01449907557678231
id17494,0.0005797251413653369,0.9989234360858058,0.0004968387728332376
id24919,0.08099038075369787,0.11660197948713909,0.802407639759159
id21043,0.016295908237429064,0.00013500014789607164,0.9835690916146724
id17796,0.011303437020024643,0.9881249817976466,0.0005715811823271512
id02166,0.7165077467149958,0.025968374002465978,0.25752387928251885
id17503,0.6106202840851214,0.009551693819958145,0.37982802209492056
id21203,0.22950686053352265,0.094939586473415,0.6755535529930553
id25626,0.9988508542775129,8.905661319908027e-05,0.0010600891092830403
id09836,0.9965741614862406,0.0012297900125688827,0.0021960485012027064
id24202,0.004633459953629561,0.00799631110737947,0.9873702289390018
id27260,0.925847156528205,0.03365603160483617,0.04049681186696663
id23167,0.00409675365776603,0.0020747814378221287,0.9938284649044254
id10393,0.006476407723488839,0.9919149894589934,0.0016086028175125622
id01171,0.8393338457487493,0.15312033528317784,0.007545818968064821
id06380,0.9655240606246666,0.006785935839245229,0.027690003536094868
id22686,0.0410754685782366,0.0011294127311764395,0.9577951186905862
id26250,0.125363138579586,0.041184132054500264,0.8334527293659116
id09315,0.5635713081982555,0.35039842028306134,0.0860302715186776
id00886,0.08516745385900022,0.8969096422808637,0.017922903860137156
id03101,0.8772108329494892,0.006278063121270234,0.11651110392923746
id12367,0.6657052617241274,0.018621938714648227,0.3156727995612351
id10770,0.9687285867308331,0.009610215953858225,0.02166119731531192
id14949,0.0011919435041946827,0.9985350618192333,0.00027299467655864416
id14141,0.6766295432340892,0.3077632899434269,0.015607166822469296
id25417,0.5292571322649495,0.34270694239378735,0.12803592534127453
id26873,0.6806759783441695,0.08043311305348595,0.2388909086023611
id10818,0.6359075636821594,0.01820141796867,0.3458910183491743
id15146,0.8411512408998264,0.010731039917690461,0.1481177191824822
id23328,0.8066539905848248,0.10205912404152995,0.09128688537364962
id16765,0.1313909471255716,0.1988692471196214,0.6697398057548294
id24383,0.9909560977647747,0.0003949399776965963,0.008648962257511245
id21304,0.9673488745415126,0.02282896471091198,0.009822160747561804
id12551,0.003191961590153,0.9951047411005958,0.001703297309249492
id23274,0.012469556249243088,0.03651436932749167,0.9510160744232632
id08117,0.9364811428118206,0.004649441635931069,0.05886941555223973
id23961,0.9838926056149774,0.003914885239579669,0.012192509145416832
id13865,0.014302729580708258,0.9819248815047537,0.0037723889145454496
id22807,0.14261375378335928,0.00407150653179379,0.8533147396848607
id08951,0.04818010271400657,0.07997908532584641,0.8718408119601493
id18684,0.9964650178175853,0.002730644137458678,0.0008043380449660529
id25179,0.5251669605063977,0.3401710241637111,0.13466201532989228
id27033,0.9194818541861334,0.0029864694460041133,0.07753167636786108
id13977,0.06639057707748784,0.8826324947716698,0.050976928150853924
id19337,0.0017271439553164893,0.9597956679367269,0.038477188107964765
id25764,0.0032541736954434103,0.995644985789984,0.0011008405145481414
